    mch    max      nmg    fet     nU   nB   nV   nR   nI    hU   hB   hV   hR   hI     RA (2000.0) Dec        dRA   dDec
    396     89    58657    552      0    0    0    0    0     0    0    0    0    0  00 00 00.00  00 00 00.0    0.0   0.0   Be21 
   3633    493   169504    968      0  276  502  595  663     0   16   40   16   72  00 01 51.04 -15 27 38.8   39.3  35.4   WLM 
    232    211     1703    103     73   91  103  103  103    26   29   29   27   30  00 10 45.31 -50 14 12.8   19.4  19.4   JL163 
    237    185     1503    278    103  172  194  200  194    20   25   26   24   24  00 17 47.44 +00 38 25.7   26.4  21.8   J1805 
   2323    410   563111   4101     10   55 1641 1365 1648     5    8   66   19  106  00 19 26.00 +59 17 15.0   36.2  36.4   IC10 
   2709    742   282456   2889   1959 2790 2791 2547 2813    18  113  120   40  120  00 23 39.99 -72 02 20.5   35.7  41.2   NGC104 
    456    366     9403    223      0  152  159   45   62     0  109  111   23   27  00 28 05.39 -71 22 50.9   17.4  22.6   NGC121 
   6996   3081     4701    629    256  448  486  480  486    76  118  184  114  134  00 30 05.50 -46 31 49.3   40.1  43.0   T_Phe 
    163    124     1350      8      0    8    8    7    8     0    7    8    7    8  00 34 16.82 -27 48 40.3    3.3   2.8   SN1990K 
   1093    504    15919   1241    806 1055 1128  804 1073    37   42   77   31   40  00 42 47.73 +85 15 59.1   34.7  36.8   NGC188 
    990    147  1262680    572      0  196  191  203  176     0   13   15   18   11  00 43 54.15 +41 23 32.2   41.3  63.8   M31 
    633    173     9253    356      0    6  354    0  354     0    6   36    0   72  00 45 08.32 +38 01 51.3   33.2  33.2   AndI 
    339     87    55724    278    101  244  268  217  251     5    6   10   16    7  00 50 13.08 +58 10 49.5   33.6  33.5   King2 
   1230    400    30643   1897    568 1610 1648  770 1561     9   60   67   12   50  00 52 26.27 -26 34 54.7   33.8  46.0   NGC288 
   2289    350    35957    350     14  294  295  119  292     8   66   64   12   62  00 54 51.79 -37 40 40.6   31.9  32.4   NGC300 
   9290   1869     6103    826    337  684  781  736  781    68  111  140   96  140  00 55 08.60 +00 47 25.4   64.2  48.6   L92 
    767     93   483176    724      0  178  375  167  357     0    5   23    5   14  00 56 07.47 -72 25 45.4   67.3  54.3   NGC330_346 
   5695    419   322737   2872      0 2129 2373  212 1929     0   62   56   10   19  00 59 49.59 -33 40 35.0  111.3 103.3   Sculptor 
   1457    799   167915   2245      0 1778 1781  314 1373     0   85   88    6   90  01 02 53.23 -70 51 10.1   34.4  34.8   NGC362 
   1382    269    63577    725      0  622  632    0  494     0   51   52    0   57  01 03 29.74 +21 53 02.8   34.2  34.1   LGS3 
   2704    567   285815    913    206  755  778  697  735    14  309   50   37   46  01 04 45.09 +02 04 33.5   42.1  40.9   IC1613 
    345     92    51293    368      0  319  363  360  340     0    6    9   11    6  01 07 00.15 +65 37 16.5   33.2  33.0   Pfleiderer1 
    342    190      237     21      4   15   15    5    9     4   10   11    5    6  01 23 34.47 -44 32 55.2   33.0  14.8   E1 
     76     60      632     13      5   10   13    6   13     5    8    8    6    8  01 25 25.46 +20 17 04.2    5.4   7.6   PG0122 
    300     77     7478    281      0  270  280    0  280     0   23   23    0   23  02 12 47.18 +36 10 52.0   33.0  32.8   TriII 
   2506   1330     4559    313    165  277  300  299  300    36   66   70   56   82  02 33 23.20 +05 16 11.0   33.8  32.8   PG0231 
    114    116      472     13      6    8   11   12   12     6    8   11   12   12  02 35 08.95 +03 44 25.9    6.0   4.7   Feige24 
  10646    846  1142406   5728      0 4851 4854 2441 2683     0   96  119   24   32  02 39 58.32 -34 27 07.9   99.3  83.7   Fornax 
     70     66     6108    243      0  242  243    0  243     0   15   30    0   11  02 42 07.93 +42 44 45.0   19.3  20.0   NGC1039 
    204     64     1533     39      6    9   11    1    9     5    8    6    1    5  02 56 50.66 +00 43 34.0   45.3  55.0   L94 
    360     92    63112    592      0  580  590  453  590     0    9   13   11   11  03 03 31.56 +58 46 02.3   33.9  34.1   Be66 
   2553   1661    27053   1045    364  933  956  587  731     9  216  243  136   86  03 12 01.76 -55 10 18.9   35.7  34.9   NGC1261 
    631    267    15057    780      0  509  472  635  476     0    7   49    7   57  03 31 01.40 +79 35 15.8   29.3  30.8   Pal1 
    189    191     1483    119     50   93  109  109  109    21   26   34   30   30  03 32 18.73 -00 53 29.8   18.3  18.8   J033220 
   3251    476    24649    877    175   25  413  424  416    48    5   53   43   79  03 32 25.16 -27 48 38.7   31.0  28.6   AXAF 
     43     45      599     19      0    6    7    0    6     0    5    6    0    5  03 36 32.06 -18 23 24.3    2.6   2.8   SN1992bp 
     43     45      171     19      0    8    9   15   15     0    7    7    8    8  03 37 22.46 -33 02 35.7    5.7   6.2   SN1990Y 
    535     58    20067    278      0  187  196    0  186     0    6   18    0   15  03 37 47.01 -35 19 36.5   41.2  45.9   NGC1380 
   1362   1024     9564    347      0  246  276  104  253     0   74   87   13   19  03 45 05.39 -71 44 41.3   35.2  35.5   NGC1466 
   7616    987     7392    996    303  860  947  949  935    47  113  147   98  117  03 53 55.51 +00 09 30.1   68.9  58.2   L95 
    426    198    12424    254     23  213  199  211  110    18   27   25   28   12  03 54 47.72 -49 40 47.8   19.8  20.6   AM1 
    873    784     2179    165    121  146  164  164  164    79   92  111  103  111  04 03 03.05 -40 10 54.2   19.6  20.6   MCT0401 
    435    194      735     50     10   21   21   13   14     8   15   15    8   11  04 03 03.67 -44 38 01.2   14.8  20.9   E2 
    216     29     9247    189      0  184  132    0  185     0    8    6    0   11  04 11 40.30 -32 51 32.9   32.4  31.2   NGC1532 
    434    153    11383    150     28   99  100  106  118    18   10    7   10   15  04 24 41.39 -21 11 02.6   14.8  13.5   Eridanus 
    428    388     2853    177    108  158  177  177  177    39   54   67   51   63  04 31 42.41 -53 36 09.7   19.3  19.7   LB1735 
    927    537    34166    219      0  200  208  135  188     0   94   85   18   18  04 36 08.38 -58 51 36.4   23.4  26.2   Reticulum 
    195    197      615    151     98  121  143  143  143    39   39   39   39   39  04 38 35.12 -46 10 02.8   19.0  18.6   MCT0436 
    782    355    21857    725      4  429  672  469  657     4   17   42   14   55  04 45 37.26 +31 22 47.3   33.8  33.8   Pal2 
    749    750     5162    518      0  462  476  407  238     0  241  240   54    8  04 45 47.09 -84 00 23.1   15.6  16.8   NGC1841 
    276    107     3449     44      4   17   17    2   15     4   17   14    2   14  04 52 40.81 +00 01 13.6   29.2  42.5   L96 
    369    232   195513    179      0  168  168    0  157     0   27   27    0   17  04 54 19.07 -70 27 01.0   13.8  13.8   NGC1754 
    131    133      962     58      0    2    1    2    0     0    2    1    2    0  04 58 47.91 -66 12 00.4    0.6   0.5   HD32533 
    874    613   396322     94      0   92   92   48   92     0   39   40   17   32  04 59 08.31 -67 44 27.4    6.5   6.0   NGC1786 
    245     92  1004280    553      0  210  267    0  266     0   12   16    0   10  05 09 40.89 -68 42 48.6   19.5  31.3   LMC4 
   1496   1199   485223   2578    175  348 1988    0 1986   135  234  235    0  233  05 13 43.81 -65 18 10.6   36.3  44.4   NGC1866 
   3228   1836    64955   3110   1640 2863 2864 2247 2878    16  233  264   34  169  05 13 58.61 -40 00 04.1   37.1  40.1   NGC1851 
    260     73    37834    198      0  168  187    0  184     0    6    8    0    9  05 20 08.94 +30 35 59.4   33.4  33.8   Be17 
    160     42    49381    378      0  353  362    0  339     0    7    7    0    7  05 21 38.45 +45 26 35.1   33.6  32.6   Be18 
   2442   1613    40098    984    746  896  909  331  858    26  161  165   10  154  05 24 00.40 -24 27 55.4   36.4  38.2   NGC1904 
    237    179    16475    196    152  184  191  191  191    35   35   35   36   34  05 28 49.18 -00 22 39.5   18.0  18.9   Orion5 
    542     43  1785787    166      0  121  122    0  107     0   15   16    0    8  05 29 59.84 -67 19 10.1   16.0  30.6   NGC2004 
    308     99    17519    367      0  343  360    0  360     0   10   10    0   10  05 32 23.02 +00 11 52.8   27.4  32.2   Be20 
   2011    549    20432    514      0    0   91  125  134     0    0   24   15   53  05 35 03.96 -05 25 24.2   23.4  33.1   Orion 
   2266    468  1712719   1464    929 1255 1271  662  920    30   41   54   37   33  05 37 50.94 -69 26 02.3   64.2  56.8   SN1987A 
    202    204    46871    338      0  313  229  313  141     0   41   19   44   17  05 44 01.65 -68 21 55.7   17.0  11.8   Cal83 
    246    248     1903     67     36   53   60   60   60     9   11   16   12   11  05 49 03.74 +19 04 14.0   10.0   9.4   SU_Tau 
   1071    569     6626    533    245  470  527  348  527    74   96   96   81   99  05 51 26.52 -49 06 48.5   33.2  34.1   MCT0550 
    314    291    11895    405    362  387  393  393  393    46   35   84   32   32  05 52 19.01 +15 53 22.3   16.3  16.0   GD71 
    224     65     8290    119     10   13   13    6    6     9   12   12    6    6  05 57 56.54 +00 05 54.0   24.5  30.7   L97 
    816    173   138202   1171    431  597  687  156  687    16   18   37   16   33  06 07 52.20 +24 10 07.2   57.8  44.8   NGC2158_2168 
   1340    712   471687    246      0  171  176    0  169     0   68   72    0   32  06 11 31.23 -69 07 13.0   13.3  13.2   NGC2210 
    948    389    82373    812      0  594  647  312  450     0   86   86   12   12  06 30 28.73 -64 12 01.6   43.9  45.5   NGC2257 
    176     46    54743    219      0  190  206    0  203     0    8    7    0    8  06 35 35.34 +09 26 35.5   33.2  33.9   Tr5 
   5163    783    32822   1368      0  606 1022  926 1021     0   16  176   10  243  06 40 58.84 +09 38 20.0   33.3  33.9   NGC2264 
   7146    649   246037   8958   1306 7937 8106 1100 2286    14  150  191   17   59  06 41 40.57 -51 02 36.4  172.7 149.0   Carina 
   1080    452     6167    391     81  273  304  221  269    11   41   39   26   28  06 42 17.15 -45 13 02.1   28.7  20.2   E3 
   1259    898    26316   1305    993 1050 1170  811 1144    13  159  156   25  164  06 49 16.07 -35 56 38.0   22.2  21.9   NGC2298 
  14203   3102   124376   2971   2284 2873 2921 2910 2915   160  365  399  264  389  06 51 56.46 -00 18 07.3   57.9  59.5   L98 
    332     96    38328    309      0  296  303    0  297     0    9    9    0    9  06 52 52.76 +16 54 39.1   33.8  33.8   Be29 
    278    174    46998    239      0  207  234    0  234     0   16   17    0   19  07 17 39.76 -15 36 00.6   17.5  16.5   NGC2360 
   7041   2366    45622   2086   1511 2068 2074 2073 2073    99  249  270  217  242  07 24 13.27 -00 31 35.4   58.2  49.2   Ru149 
   1628    820    32397   1837   1099 1780 1781  831 1674    52  110  123   66   96  07 29 27.46 -02 07 36.6   39.4  36.6   Ru152 
   2156    634    94722   2499    336 1569 2224 2084 2283     7   31   67   43   75  07 37 40.61 +38 52 58.1   36.0  34.4   NGC2419 
    461    211    13971    541    198  480  526  253  526     5   27   30   18   29  07 37 58.83 +21 34 36.5   33.4  33.2   NGC2420 
     40     42     1440     53      0   43   47    0   47     0   11   11    0   11  07 39 18.50 -62 02 42.7    3.7   3.5   SN1993A 
    716    378    23987   1212   1026 1172 1190 1191 1190    14   54   55   44   37  07 41 39.87 -14 48 28.3   19.4  19.4   NGC2437 
    148    145    11939    339      0  334  338  334  338     0   18   22   10   14  07 52 09.72 -38 29 41.8   17.6  16.4   NGC2477 
    141     54     5520    240     14   15   15   14   14     9    9    9   10    8  07 54 52.53 -00 33 57.2   37.1  38.0   L99 
    122     40    23307    152      0   95   54    0   95     0    6    5    0    6  08 00 04.24 -10 46 10.3   20.1  19.8   NGC2506 
    296    158    20127    232    114  218  223  222  217    15   18   26   18   17  08 10 06.27 -49 12 23.5   29.5  29.5   NGC2547 
   1091   1093    13883    735    652  734  735  735  735   147  182  200  156  180  08 10 33.03 -40 30 50.5   19.3  19.1   LSS982 
    249    243    28237    638    504  619  633  633  633    33   28   29   29   28  08 12 12.12 -37 34 13.0   36.0  36.2   NGC2546 
    150    153     3245    281    183  275  279  279  279    29   27   33   26   26  08 20 22.80 -00 10 36.9   19.6  19.3   J082025 
    760    609    48332    329    254  309  317  285  320    69  103  109   67  123  08 31 25.22 -53 38 55.9   32.9  23.9   WD0830 
    182    154     1940    219    209  217  217  217  217    28   27   28   27   27  08 43 51.02 -02 25 26.4   18.0  17.9   SF0841 
    769    197    15889    356      0  151  284  285  325     0    6   27   11   37  08 50 38.41 +63 07 32.6   33.6  33.4   UMaII 
   3760   1169    29145   1655    634  918 1447  597 1446    30   44   48   14   36  08 51 35.81 +11 53 57.4   52.4  46.5   NGC2682 
    233    129     1714    155     10   12   38   32   28     9    9   14    6    9  08 53 02.38 -00 40 45.0   26.1  16.8   L100 
    278    154    46427    243    105  210  209   76  166    10   25   22    9   22  09 07 59.20 -37 13 04.6   12.3  13.0   Pyxis 
   4123   2397   157092   2330   2067 2196 2194 1322 2135    41  204  310  108  187  09 11 29.18 -64 48 06.1   37.1  37.1   NGC2808 
   1207    661    15084    992    398  771  786  823  733    15   88   82   84   57  09 16 06.20 -36 36 37.5   15.6  15.0   NGC2818 
    195    164    11978    188    149  157  178    0  179    12   17   19    0   19  09 18 59.41 -45 33 44.0   21.0  18.7   E4_108 
    398    126    14898    850    368  773  800  209  698     6   17   26    6   22  09 20 29.13 -77 12 56.7   32.4  28.3   E3cluster 
   2962   1025     6381    800    351  681  737  742  738    35   64   76   62   69  09 21 26.71 +02 45 40.4   42.8  46.4   PG0918 
    498    142     7717    332      0  205  226  248   38     0   35   41    9    5  09 23 34.10 -45 28 09.3   31.5  20.9   E4 
   1202    552     3522    137     61   78  107   86  107    23   28   46   29   44  09 45 04.11 -03 06 19.1   30.3  28.5   PG0942 
   8347   1213    17297   1258    395 1107 1162 1149 1144    50  144  161  125  144  09 56 24.07 -00 17 51.5   66.2  49.9   L101 
   1065    298    16484    394      0  182  291    0  291     0    5   17    0  114  09 58 57.67 +30 44 10.0   33.5  33.9   LeoA 
    573    150    11821    318      0   79  100   78  104     0    8    9   11   43  09 59 36.92 +05 19 00.5   33.2  32.8   SextansB 
    139    116     5442     72     54   59   66   66   66    16   15   15   15   15  10 00 46.05 -07 31 26.9   16.7  17.0   GD108 
    233     46    16001    277      0  100  142    0  145     0    6    8    0    7  10 03 07.11 -26 09 53.1   13.5  12.7   NGC3109 
   1466    414    82231    415     17  335  288  330  322    13   33   38   19   33  10 05 15.82 +00 04 35.4   32.8  31.1   Pal3 
   2162    253    17710    260      0   28   48    0   48     0   15   23    0   35  10 07 02.17 +16 05 04.5   19.5  19.5   Segue1 
   3466    733   168120   2187      1 2016 2048 1860 1998     1   58  100   26   77  10 08 16.37 +12 23 34.4   38.8  36.0   LeoI 
    322     90    16538    250      0   47   53    0   53     0    5    6    0   16  10 11 02.15 -04 41 42.4   12.9  12.5   SextansA 
   8795    836   529482   1541      0 1159 1256    0  990     0  148  183    0   87  10 12 18.41 -01 31 53.9   77.9  75.8   Sextans 
   3162   1515   150928   1861    849 1483 1497  368 1430     9  194  297   35   72  10 17 26.80 -46 24 50.4   36.3  36.5   NGC3201 
   1036    150    85930    559      0  164  416    0  420     0   11   17    0   42  10 34 16.51 +51 55 13.2   34.5  32.9   UMaI 
     47     49     1159     22      0   17   21    0   20     0   12   12    0   13  10 34 53.02 -34 26 35.1    3.3   3.5   SN1993B 
    760    256    88075    567    110  113  279    0  257    27   50   82    0    5  10 35 20.46 -58 12 07.9   19.3  14.6   NGC3293 
     31     33      582    100     59   93   97    0   97     7    9    7    0    8  10 37 05.71 -27 30 00.5   19.2   9.3   NGC3311 
    592     76    10962    383    274  379  379  378  379    10   10    5    8   10  10 38 57.93 -27 21 43.9   30.6  28.2   Hydra 
   1755   1022   150411    710    542  703  703  700  702     5   23  255   22   36  10 44 31.30 -59 35 24.5   33.2  30.3   Tr14 
    125    127     1112    200    104  150  180  180  179    21   21   21   21   21  10 49 49.50 +00 38 17.3   19.3  18.8   J10495 
   2396   1502     2926    245    118  167  208  179  201    27   50   68   41   59  10 50 09.50 -00 00 38.5   22.8  23.5   PG1047 
     33     35      268     40      0   25   29    0   22     0    6    7    0    6  10 50 57.03 +06 49 20.9   15.8  11.0   G44_40 
    101     63      607     31      8    8    8    2    2     7    7    7    2    2  10 56 00.42 -00 49 18.2   36.6  72.3   L102 
    674    634     7278    406    311  337  366  366  365    95  105  118   96  106  10 58 08.50 -38 43 44.1   23.5  20.4   WD1056 
   1566   1345   239171    984      0  948  955    0  715     0   13   19    0    6  11 05 44.08 -58 42 58.8   19.4  19.8   NGC3532 
    461    403     1744    173     96  118  146  153  153    27   34   35   55   45  11 07 51.92 -05 13 02.1   23.5  19.3   G163_50 
   2111    478    91104   1570      0 1369 1319   58 1395     0   48   36    5   57  11 13 15.63 +22 09 05.7   40.9  34.5   LeoII 
    633    118    20824    403      0  307  303  301  303     0    9    8   18   23  11 25 15.23 -43 13 17.0   27.1  32.4   NGC3680 
   1103    335    65892    433    186  365  365  255  288    21   30   29   19   38  11 28 49.48 +28 58 18.3   34.0  33.1   Pal4 
    392     61    23620    291      0  264  262    0  138     0   14   15    0   19  11 31 01.91 +02 12 14.8   33.4  34.8   LeoV 
    628     81    34091    213      0  184  187    0  113     0   11   15    0   18  11 32 51.69 -00 31 36.2   31.9  27.7   LeoIV 
    824    208    17976    504      0  432  472    0  473     0   50   46    0   51  11 48 48.83 -18 25 08.8   33.6  34.4   Crater2 
    232    171    59736    322      0  313  318    0  318     0   23   24    0   39  11 50 47.84 -55 40 05.3   21.0  19.5   NGC3960 
    377    156     3501    127      4    7    8   15   15     4    7    7   14   14  11 55 34.82 -00 48 15.7   47.5  48.4   L103 
    639    532     8514    441    306  393  438  438  438    37   53   82   77   78  11 56 09.48 -48 39 51.7   19.1  18.7   WD1153 
   1101    433    10681    638    116  552  564  454  536    17   52   65   38   43  12 05 15.19 -45 39 38.4   34.0  32.6   E5 
    401    403     2793    392      0  264  325  380  380     0   22   26  121  153  12 07 47.33 -39 35 11.3   19.9  19.9   2m1207 
   1506    724    13284   1237    501  918  935  425  752    25   56   71   34   57  12 09 46.99 +18 32 44.7   33.8  28.7   NGC4147 
    479    205   107061    642      0  607  614  201  613     0   11   18   13   23  12 25 30.73 -72 36 37.5   31.8  28.0   NGC4372 
    772    191    12847    405      0  248  289  355  356     0    9    9   23   28  12 26 33.37 +23 53 48.2   33.3  33.6   ComaBer 
    160     22    85586     33      0    9    9   11   11     0    5    5    5    5  12 31 44.21 -63 38 48.7   27.8  16.6   Globule 
    245    148     2927     23      0   15   17   17   15     0   10   11   10    8  12 33 55.28 +07 40 30.1    6.2   7.4   NGC4526 
    140     80    78223    283      0  272  273    0  212     0   13   13    0    5  12 38 21.79 -68 22 24.3   18.8  19.3   Cr261 
    413    186    56102    470    146  184  202  186  192    23   12   19   12   14  12 38 40.38 -51 08 11.6    7.9   9.7   Rup106 
   1353    648    67023   1392    209 1094  894  855  839     6   53   70   36   71  12 39 09.09 -26 41 05.3   33.5  38.3   NGC4590 
    259    261    97595    848      0  841  845    0  845     0   52   52    0   52  12 39 43.02 -60 37 17.0   36.9  37.0   Tr20 
    468     63    11791    424      0  398  401  377  293     0   17   19    5   13  12 39 58.45 -11 36 38.8   32.7  31.0   NGC4594 
   8871   1393    18113   1017    339  862  938  907  938    56  129  146   96  146  12 42 19.34 -00 34 36.9   88.7  58.0   L104 
     56     59      255     48      0   27   33   35   35     0    9   12   11   11  12 44 48.64 -40 43 02.7    3.3   3.5   SN1990I 
    309     39    40544    116      0   32   35  113  110     0    6    6    9   16  12 49 05.22 -41 22 16.7   12.7  19.0   NGC4696 
    124    101     2328     62      0    6    7    3    3     0    6    7    3    3  12 51 07.13 +41 07 32.4   10.9   6.3   NGC4736 
     40     42       57      9      0    6    6    6    6     0    6    6    6    6  12 53 38.00 -22 52 07.8    2.9   2.6   Abell35 
    144     76   151388    170      0  141  147    0  144     0    6    5    0    8  12 54 04.42 -60 26 29.6   17.2  18.4   NGC4755 
     75     77     1135    102     63   82   90   90   91    16   16   14   14   14  12 55 50.78 -01 24 10.4   18.1  20.3   SF1253 
   1460    796   178963    807    631  649  650  266  414    23  100  176   10   78  12 59 51.68 -70 51 37.0   23.9  22.5   NGC4833 
   2043    541    97149   1002    564  775  745  756  758    30   58   61   37   56  13 12 30.16 +18 13 25.2   44.4  47.9   NGC5024 
   1294    363    40648    603    336  537  556  286  545    12   60   67   18   57  13 16 13.53 +17 40 58.7   40.3  35.9   NGC5053 
   3113    445   129505    621    436  597  607  612  614    41   38   49   41   43  13 25 32.29 -42 59 21.5   35.7  34.8   NGC5128 
   7175   2152     8985    796    548  773  777  782  780    56  110  121   77   99  13 25 51.67 -08 52 23.5   57.7  48.3   PG1323 
  10114   4914   680637   4724   3479 4066 4066 1616 3448    32   68   72   22   41  13 26 35.89 -47 26 20.9   36.8  41.7   NGC5139 
   1000    223    23615    596      0  439  469    0  318     0   18   25    0   22  13 27 42.76 +33 33 29.9   31.6  33.9   CVnI 
    293    139     9644    100      0   47   50   26   15     0   11   15   14    7  13 29 50.31 +47 11 39.9   17.7  18.0   NGC5194 
     73     75     1450     75      0   53   54    0   43     0   10    8    0    6  13 31 06.39 -33 13 16.4    4.9   5.5   SN1993O 
    130    132      156     39     20   38   39    0   39    19   29   33    0   31  13 31 30.57 -35 04 19.4    4.7   5.1   ESO383 
     28     30      816     62     41   60   62    0   61     5    8    7    0    8  13 32 19.84 -33 14 03.8   19.2   9.0   NGC5193 
   4023    897   108060   2377   1892 2029 2063 1406 1816    56  116  123   13   42  13 41 21.35 +28 24 48.6   45.1  38.2   NGC5272 
   2475    616    79755    935      0  909  917  250  635     0  136  147    8   63  13 45 24.27 -51 18 35.2   36.0  35.9   NGC5286 
     21     23      918     90      0   77   89    0   88     0    7    7    0    7  13 49 30.72 -30 17 59.4   19.1   9.2   IC4329 
     72     74     1159     42      0   27   27   22   21     0   11   11    8    7  13 52 47.64 -30 42 36.0    5.5   4.9   SN1993H 
   1061    965    31800    789    773  789  789  789  789   143  163  194  149  160  13 52 50.30 -48 09 17.0   20.2  20.0   LSE44 
   3282    268   154339    458      0  271  308  315  248     0   10   19   18   38  13 59 42.90 +14 30 45.3   33.5  33.5   BooI 
   2172    573    31304    799    557  703  729  717  723    36   59  191   47   49  14 05 02.61 +28 33 06.3   34.4  37.0   NGC5466 
    126    130      756    107     87   97  105  105  105    20   21   21   21   21  14 10 27.55 -01 27 55.7   17.8  18.3   PG1407 
    845    389    41341    860     67  756  790  483  753     8   31   27   21   32  14 29 05.64 -05 55 15.3   38.7  35.3   NGC5634 
    748    357    45930    755     28  353  347  323  254    11   24   21   16   18  14 39 16.27 -26 29 20.5   32.7  24.8   NGC5694 
    378    131     9417    146      3  108  108    1    1     3   14   45    1    1  14 40 28.94 -00 14 23.0   19.2  32.3   L106 
    403    205     6026    191    127  157  158   30  135    12   22   22   12   15  14 46 52.50 -45 18 58.0   21.8  21.8   E6 
   2012   1011    90603    752     84  662  666  317  494     8   69   90   42   61  14 58 18.27 -82 18 23.3   34.9  34.9   IC4499 
   1924    579   107009   1781    782 1485 1453  820 1441     9   55   78   25   69  15 03 50.55 -33 04 46.2   42.7  47.7   NGC5824 
    176     85   160853    238    101  213  234  234  234     7   11   20   11   14  15 04 24.22 -54 23 52.8   19.0  18.4   NGC5822 
   7150   1471   200918   3373   1047 2729 2811 1448 2283    20   93  221   38  124  15 06 54.62 +67 11 42.9   85.9  93.7   UrsaMinor 
    495    173    33303    753    399  663  673   87  509    14   23   27   10   16  15 15 43.09 -00 04 16.6   33.8  29.1   Pal5 
    463    246    48488    755    469  544  545  210  242    21   11   21    5   15  15 17 06.95 -20 54 02.5   32.6  32.2   NGC5897 
   3806   1281   102974   2957   2264 2438 2640 2628 2659    49  178  200   32  126  15 18 17.37 +02 08 04.2   62.8  64.3   NGC5904 
    704    208   326988   1121     51  208  360  569  616    11   14   13    7   15  15 28 07.58 -50 38 51.4   15.5  16.1   NGC5927 
   1493    633     9160    831    219  706  756  710  748    29   56   69   52   63  15 28 24.46 -07 15 40.7   41.6  40.2   PG1525 
    248    220     1396     98     38   58   79   80   82    17   23   27   25   27  15 30 48.66 +06 00 30.0   10.7  12.1   PG1528 
    216     80   283882    219      0  208   64  210   65     0    8   15   11   20  15 39 18.13 -50 02 06.7   13.6  12.5   BH176 
  10106   1631    26472   2053   1039 1825 1903 1841 1978    90  155  187  144  183  15 39 28.20 -00 13 36.8   65.6  65.6   L107 
   1145    802    82335    572    295  380  394  172  189     8  164  226   11   20  15 45 59.33 -37 47 53.1   24.8  22.0   NGC5986 
    383    385    42372    250      0  221  245  247  248     0    9   26    7  234  15 47 00.02 -47 36 57.7   11.3  16.4   4U1543 
     90     93      330     17      0   12   15   15   15     0   11   12   13   13  15 51 41.44 -51 30 44.5    3.2   2.4   Sp1 
    345    103    28372     34      0    1    5   10   10     0    1    5    9   10  15 56 34.40 -37 48 10.0    1.9   2.7   RU_Lupi 
    584    209    32153   1447    259  683  721  189  404    15   28   29   11   18  16 10 41.75 +14 57 26.5   34.0  34.1   Pal14 
   1209    238   249401    588    314  459  459  458  459    11   15   17   10   16  16 13 06.59 -54 13 12.8   19.4  19.4   NGC6067 
    696    284    57714    637      0  195  251   17  245     0    8   26    7   17  16 17 07.87 -22 58 50.3   15.4  14.4   NGC6093 
   7407   5656   133400   1787   1244 1606 1616  964 1563    17  413  491  518   45  16 23 17.62 -26 25 53.4   33.7  34.4   NGC6121 
    838    495    49633    735    326  566  570  104  335    23   80   80   14   72  16 25 28.55 -72 05 23.2   32.5  30.8   NGC6101 
    253    132    27673    403    265  144  296  119  297    17    5   19    7   17  16 27 11.45 -26 01 55.5   15.3  14.8   NGC6144 
    140     65    81237    123      0  111  119  121  121     0    6   10    6   15  16 27 40.55 -38 50 56.8    6.9   7.1   NGC6139 
   1831    384    24315    746      0  693  714  480  710     0   59   64    9   88  16 30 50.85 +12 47 26.5   40.8  36.0   Hercules 
    798    363    45145    717    599  684  695  262  642    24   25   32   10   29  16 32 11.91 -13 01 51.5   32.1  31.4   NGC6171 
   3960   1386    13020   1514    565 1196 1418 1427 1358    45   91  128   89  109  16 35 17.32 +09 47 29.2   45.6  37.5   PG1633 
    523     98    17313    361     77  120  130  112  119     8   11   12    8   12  16 36 41.30 -00 12 04.9   78.4  46.8   L108 
   1833    518   135523   2259   1610 1816 1831 1591 1807    36   51   48   18   38  16 40 57.63 +36 27 33.0   40.1  35.4   NGC6205 
    792    279    28924    348    276  304  310    0  266    14   25   30    0   16  16 46 25.52 +47 32 42.5   32.1  31.3   NGC6229 
   1453    735    76607   1330    311 1247 1277  389 1263    68   99  107   79   98  16 46 45.34 -01 52 28.9   37.2  36.1   NGC6218 
    303     97    93581    265    201  253  228  242  233    24   17   10    9   17  16 53 27.61 -22 10 55.8   15.1  13.8   NGC6235 
    701    683   107564    733    706  723  723  707  723    90  112  127   94  107  16 53 58.48 -56 00 50.4   20.1  21.4   LSE259 
    542    544    51886    406      0  227  367  369  375     0   20   30    7  144  16 54 01.37 -39 49 16.3   19.2  19.1   J1655 
    626    100   175225    399    163  305  353  348  353     5    8   14   11   14  16 54 09.97 -41 49 23.3   32.5  31.6   NGC6231 
     40     42    36381    118     95  114  118  118  118     7    8    8    8    9  16 55 35.38 -39 28 05.3   18.7  19.1   NGC6242 
   4614   1470   180356   1540   1067 1376 1385  216 1376    20  165   95    5  248  16 56 44.83 -04 03 47.0   36.2  41.8   NGC6254 
   7673   1066   359816   1785      0  963  967  968  941     0   27   38  179   24  16 58 49.53 -52 41 52.9   19.6  17.5   NGC6253 
    681    222    44321   1348    216  991  766 1057 1037    15   14   11   24   20  16 59 20.83 -00 26 42.9   41.4  23.8   Pal15 
   1732    827    21782    749    207  411  483  418  438    23   62   81   56   60  16 59 35.87 +07 42 54.5   28.5  23.5   PG1657 
   2554    505   926644    713    327  693  693  135  450    23  132  135   10   24  17 00 41.36 -30 03 33.5   39.0  35.9   NGC6266 
    499    126   667093    349    317  289  312    0  310    14    7   18    0   24  17 02 24.76 -26 14 04.7   31.1  30.8   NGC6273 
    926    929    25224    876      0  492  766  757  741     0   22  420    5   35  17 02 57.50 -48 46 24.8   19.3  18.8   GX339_4 
    311     86   352184   1118    151  837  836  176  340     5    8    8    5    6  17 04 11.38 -24 43 43.5   28.6  31.2   NGC6284 
    331    129   225476    535    109  154  252  256  257    11   10   10   10   24  17 04 41.28 -37 59 10.8   19.2  19.4   NGC6281 
    570    219   130206    794    441  589  587  617  405    21   22   46    7   26  17 05 09.19 -22 42 21.4   13.9  13.6   NGC6287 
    424     62    19981    489      0  435  462  473  471     0   47   46   48   46  17 11 10.97 +07 52 49.4   33.4  32.1   UGC10743 
    770     91  1231708   1061      0  879 1036  510 1035     0   11   18    5   18  17 11 44.65 -27 25 47.1   60.0  58.8   Barnard59 
   2928    867   220524   6040   4834 5260 5373 2479 5359    25   79   83   30   69  17 16 37.75 +43 06 34.9   35.7  35.6   NGC6341 
    298    125   327991    248     96  218   19  204   18    16   11   15    5   15  17 17 59.02 -23 45 54.2   13.6  13.5   NGC6325 
    256     34   217947    173     79  165  164    0   19     5   10   10    0    7  17 18 29.06 -26 49 39.7   33.3  31.7   Pipe 
    516    197   222685    761    608  709  717  652  712    17   15   19    5   12  17 18 47.38 -18 30 26.3   33.0  33.4   NGC6333 
   9469    967   371344   4889   1469 2727 3160 1734 3116    17   66  109   20  156  17 20 41.15 +57 51 50.9   56.4  45.7   Draco 
    309    107   394003    499    143  323  327  215  311    15   17   17    5   13  17 20 42.78 -19 38 34.2   33.0  25.5   NGC6342 
    337    128   203877    331    316  318  307  135  176    17   24   21    5   16  17 23 13.39 -17 45 08.4   33.0  23.0   NGC6356 
    515    105   168362    450    143  449  449  448  265     8   22   21   19    8  17 24 40.24 -49 54 23.2   32.4  31.0   IC4651 
    497    137   212847    834    322  736  764  249  765     9   13   21    9   20  17 25 15.48 -48 27 57.4   28.2  24.8   NGC6352 
   1310    585   112713    586    201  511  537  365  532     9   75   89   63   60  17 26 59.79 -44 56 36.3   20.0  31.5   E7 
    608    196    51338    874    314  813  859  330  859    10   24   32   13   29  17 27 26.18 -04 59 55.2   31.1  25.1   NGC6366 
    576    391   869738    245     88  174  181    0  181     5   56   63    0   59  17 31 06.08 -29 59 03.1   13.6  13.9   HP1 
    910    670    48873    567     47  540  536  337  432    12  130   65   25   54  17 32 06.51 -67 04 50.2   25.0  24.3   NGC6362 
   1119    362   357789   2155      0 1959 1896    0 1946     0   31   32    0   12  17 35 47.73 -44 39 06.2   37.6  36.4   NGC6388 
   1146    810    95640   1265    802 1038  865  834  680    16  123  143    6  108  17 37 27.79 -03 12 03.8   34.3  28.6   NGC6402 
    349    164   278825    556    219  255  244  280  156    17   22   22   11   18  17 38 14.28 -23 54 26.9   31.9  29.4   NGC6401 
    243    136    92733    416    165  158  271  267  271    14   12   14   13   12  17 40 18.18 -32 15 08.2   37.1  37.2   NGC6405 
    895    403   136747   1513    981 1384 1387    0  351     6   48   59    0   29  17 40 21.53 -53 33 28.5   32.6  32.5   NGC6397 
    912    478    48059    410    378  404  404  101  211    42   55   54    5    6  17 44 31.10 +03 11 03.1   31.8  31.1   NGC6426 
   1753    326    52298   1256     36  974 1130 1135 1138     6   24   29   21   25  17 44 40.42 -00 13 52.8   33.6  32.0   L109 
    279     75   298749    418    180  382  366  367  142    13   13    9    9    6  17 48 27.47 -20 18 35.6   30.3  22.6   NGC6440 
   1418    731   865370   1573      0 1406 1411    0 1260     0   66  171    0   13  17 50 03.19 -36 58 29.9   37.9  35.9   NGC6441 
    262    110   146286    611    133  560  583  480  538     9   12   18    8   10  18 01 29.54 -08 57 17.6   34.0  33.5   NGC6517 
    424    135    86226    658    613  651  639  470  417    33   22   15    6   11  18 03 30.90 -00 17 43.8   33.9  33.7   NGC6535 
   1421    633  2492106    876    225  369  385   35  384    14   96   95    8  108  18 03 51.27 -29 56 14.3   22.8  25.8   NGC6522 
    450    188   214046    520    204  483  490  449  489    11   32   37    8   31  18 04 27.17 -07 34 58.4   34.6  29.3   NGC6539 
    836    503  1001209    432     29   48   62    0   66     9    7   15    0   17  18 04 52.82 -29 57 59.4    7.4  16.8   NGC6528 
    565    148   202183    838    338  663  662    0  636     5   15   16    0   12  18 07 44.64 -43 35 34.2   32.7  32.5   NGC6541 
    459     84  1456317     58      0    0   10    0   10     0    0    8    0    8  18 10 16.89 -31 46 04.1    3.9   3.5   NGC6558 
    640    197   334912    486    175  429  436  422  424    20   17   30   16   18  18 10 23.50 -07 13 46.3   33.8  33.3   IC1276 
    462    276   468110    638      0  309  310    0  201     0   48   52    0   47  18 13 45.87 -31 49 24.8   17.0  22.4   NGC6569 
    152    154    70472     85      0   84   84   84   84     0   16    9   12   11  18 14 09.27 -32 47 20.1    5.9   5.7   V2719_Sgr 
    958    276    42620    705     31  595  654  678  669     5   16   17   21   33  18 18 36.71 -13 47 19.6   34.0  34.1   Messier16 
    843    638   106398    970     35  863  864  454  862    13   69   71   24   57  18 18 44.52 -52 10 00.5   20.6  26.4   NGC6584 
   1778   1748   128943    711      0  650  574  569  657     0  252  120   10  426  18 19 11.82 -25 21 59.3   22.0  21.0   V4641_Sgr 
    745    213  1085388    471    340  422  420   52  393    14   26   27   10   22  18 24 27.26 -24 51 02.1   31.4  30.5   NGC6626 
    652    258   153062    629    459  595  619    0  500    18   45   48    0   14  18 27 21.48 +06 31 58.5   28.3  27.8   NGC6633 
   1678    270   258397    682      0  658  658    0  114     0  104  114    0    9  18 30 46.81 -32 17 20.4   35.3  35.5   NGC6637 
    416    114   657595    654    500  559  607  402  598    15   15   25    5   26  18 31 33.60 -23 21 36.1   31.8  31.7   NGC6642 
    578    222   575990    668    355  505  515  475  474    19   14   19   15   16  18 31 47.33 -19 07 03.8   35.6  36.5   IC4725 
    319     90   384581    516    128  136  223  130  221    12    9   11    8   10  18 35 46.46 -32 59 38.7   13.1  16.1   NGC6652 
   2841   1657   802859    877     17  813  816   16  743    14  211  212    6   18  18 36 06.71 -23 55 19.7   33.6  43.3   NGC6656 
    197     60   247034    275    239  246   77   51   26    10   11    5    5    5  18 41 10.08 -19 50 12.5   31.9  30.0   Pal8 
  15885   1856   457016   2446    248 2080 2302 2307 2316    51  138  245  135  216  18 42 40.73 +00 22 23.7   55.7  55.8   L110 
   1910    585   964223   1402   1080 1271 1273    0 1244    16   18   18    0   11  18 42 50.53 -32 21 32.5   36.6  38.0   NGC6681 
   1517    406   487949   1744   1001 1342 1364 1172  900    96   24   29   23   15  18 50 45.01 -06 15 09.5   32.9  31.7   NGC6705 
    724    273   664891    855    271  323  324  286  196    20   23   34   29    6  18 52 54.97 -08 41 24.5   17.3  15.0   NGC6712 
    526    149   199008    369    357  360  339  311  190    21   14   18   15   19  18 54 45.76 -22 42 33.7   30.1  28.9   NGC6717 
   1908    520   958766   1155     33  333  768   19  758    11   82   82    9   51  18 54 49.34 -30 40 08.3   35.4  50.8   NGC6715 
   5913   1249   155577   1674     41  694 1003   53  977    13   60   79   12   21  18 59 24.20 -36 34 43.6   31.0  28.6   NGC6723 
    494    154   320784    708    575  664  646  594  632    30   23   18   10   14  19 04 40.53 +01 54 41.6   35.7  32.6   NGC6749 
    444    194   315423    550    443  490  481  285  466    36   31   31   10   27  19 10 48.15 +01 01 33.6   33.7  33.0   NGC6760 
   9012   1574   148928   3369    497 3058 3052 2928 3062    19   37   47    9   23  19 10 48.90 -59 59 11.3   36.1  34.9   NGC6752 
    947    383   126716   1490   1411 1456 1361  781 1382    35   28   67   11   65  19 16 10.85 +30 11 00.0   34.4  34.4   NGC6779 
    402    132   266423    803    249  615  704  609  694    22   22   21    6   19  19 17 37.61 +18 34 19.2   34.2  33.7   Pal10 
    497     55   100876    152     66  115  145  143   37     7   10   17    9    7  19 17 41.94 -34 39 32.1    8.1   7.7   Terzan7 
   6188   2284   109311   2234   1449 1828 1853    0 1719    30   73  549    0  512  19 20 30.63 +37 46 34.6   34.3  35.8   NGC6791 
    859    422   100629    477      0  336  366    0  356     0   28   28    0   21  19 28 45.29 -30 20 32.5   18.6  18.4   Arp2 
   2534    512   107767   1227    683 1012 1043 1032 1043    19   41   72   27   55  19 37 28.02 +00 25 44.6   39.0  36.3   L111 
   2501    892   308127   1759     85 1467 1616 1085 1607     5   59   70   42   33  19 38 42.91 -30 39 39.5   76.3  65.7   NGC6809 
    542    142    83294    723    472  534  567    0  339    15    6   42    0    5  19 40 46.57 +40 11 35.0   34.0  34.6   NGC6819 
    600    197    61435    345     22   72  151   37  147     6   13   26    9   23  19 41 33.44 -34 00 21.1   11.1   9.0   Terzan8 
    456    242   136976    287     53  250  258  111  107    15   49   50   17   13  19 43 10.76 +23 18 01.9   14.2  14.3   NGC6823 
    897    284   101374    540    292  489  442  359  447    17   28   35   21   38  19 44 39.45 -07 54 54.8   39.5  44.4   Pal11 
  11759    397   811856   4173      0 2902 2958 2370 2573     0  101   75   16   26  19 44 52.11 -14 48 50.6   53.9  44.2   NGC6822 
   1553    632   335156   2358   1663 1907 1926 1483 1899    57   53   96   30   78  19 53 22.11 +18 46 53.7   36.3  36.6   NGC6838 
    584    176    60542    833    594  763  759   81  696    21   22   15   12   13  20 05 50.81 -21 51 18.7   28.6  25.9   NGC6864 
    337    130      913     84     13   50   52   23   20     7   21   23   11   11  20 06 04.46 -44 50 00.0   36.7  20.4   E8 
    902    862     6985    496    392  466  494  495  495   122  143  161  131  143  20 22 51.29 -43 29 45.3   20.0  20.1   MCT2019 
    476    144    36171    521    376  493  511  514  479    10   13   17   31   10  20 30 36.69 +60 38 57.2   34.1  32.0   NGC6939 
    876    362    93016    996    572  661  627  581  636    19   27   31   30   41  20 33 48.72 +07 26 55.8   34.3  29.3   NGC6934 
   2091   1257    87988   1952   1742 1922 1923 1702  878    66  146  161   60   39  20 34 03.35 +28 16 51.9   36.0  34.6   NGC6940 
    307    102    42474    578      0    4  576    0  576     0    4   28    0   39  20 34 04.49 +60 08 16.3   32.7  31.6   NGC6946 
   1201    464    23967    974     97  348  860  843  634    13   20   28   28   32  20 41 57.08 +00 16 30.6   33.8  29.3   L112 
   5186   1878    41445   1668   1200 1576 1599 1588 1599    57  131  150   97  139  20 43 39.61 -10 47 16.5   35.7  35.2   MarkA 
   1986   1044    43887    885    585  845  862   72  862    13  141  153    9   95  20 53 10.95 -12 35 21.5   37.4  39.7   NGC6981 
   2153    654    83157   2093    954 1929 1973  499 1605    26   76   87   26   43  21 01 34.28 +16 14 34.4   48.9  40.4   NGC7006 
    424    108   135237   1048    566  991  961  972  935    10   12   11   16    9  21 02 27.68 +40 27 57.5   38.7  34.3   Be54 
    599    170   107458    629    445  626  626  626  602     8   17   22   29   13  21 12 34.57 +42 30 02.4   33.2  33.6   NGC7044 
     50     52     2098    157    101  132  149  150  151     7    7    8    7    7  21 20 41.00 +00 53 59.1   16.1  18.7   SF2118 
   2782   1384    85492   3269   2326 2549 2608 2517 2678    32   42   77   26   78  21 29 47.54 +12 10 12.6   40.7  35.9   NGC7078 
   1310    564    73026   1663   1343 1442 1447 1032 1451    27   59   78   29   82  21 33 11.94 -00 46 06.8   33.6  37.8   NGC7089 
    160    113     3000    176    135  164  176  176  176    12   22   23   20   22  21 36 31.53 -72 47 57.0   18.3  17.9   JL82 
   1001    437    32250   1025    237  897  908  860  831     7   57   69   38   35  21 40 11.80 -23 08 37.9   29.4  28.4   NGC7099 
   9476   1177    36419   3146   1003 1910 2240 2178 2257    68  132  149   99  136  21 41 45.95 +00 36 09.6   56.7  73.3   L113 
    504    149    47772    892      0  657  867  866  315     0    7   14   27    7  21 43 55.75 +65 49 19.3   35.5  33.1   NGC7142 
    647    287    18171    910    595  817  794  666  500    38   21   33   25   15  21 46 20.32 -21 19 22.4   29.8  23.1   Pal12 
    107    109     1805    159    116  151  154  154  154    18   19   21   17   17  21 48 30.67 +00 35 20.7   17.6  15.7   J214835 
    272    248     1128    170    128  141  165  165  165    29   30   41   32   33  21 52 19.11 +02 22 57.8   17.1  18.0   G93_48 
   2954   1196    35000    680    238  609  633  572  618    35   70   76   56   62  22 16 16.28 -00 19 58.6   43.1  40.4   PG2213 
    196     51     6758    265      0  237  262    0  260     0    7    6    0    7  22 23 59.42 +05 26 07.1   33.5  31.3   PegIII 
   1749    486     4685    602     96  331  401  458  462    15   17   18   34   40  22 41 38.64 +00 53 11.9   45.8  63.9   L114 
    311    102      462     28      6   21   21    7   14     6   20   19    7   14  22 45 12.00 -44 27 08.6   14.6  19.1   E9 
   1184    125    11670    425      0   54   80   81   22     0   17   23   21   11  22 52 10.96 -40 12 22.3   31.4  31.1   SN1993S 
    114    102     2564    259    159  205  255  257  254    11   18   24   13   19  22 55 17.22 -72 22 33.7   19.0  19.2   JL117 
     80     81      244     28      0    8   11   14   11     0    5    6    7    6  22 57 42.72 -35 51 34.8    5.2   5.5   IC5270 
    692    300    16218    634    238  507  557  448  537    18   30   35   13   31  23 06 21.34 +12 46 42.2   33.7  31.5   Pal13 
    562    262    16469    295     39  232  235   54  142     7   25   33   11   21  23 08 02.88 -15 32 58.3   23.7  24.0   NGC7492 
    421    309     7287    249    122  203  232  236  209    27   33   42   35   43  23 12 20.42 +10 47 53.8   20.7  21.6   GD246 
    655    198    42189    447      0  259  439  389  409     0    5    9   16    5  23 20 19.25 +71 45 00.5   33.5  33.4   Be99 
    362    155    79759    409    212  253  257  257  240    14   15   21   29   17  23 24 35.67 +61 37 08.0    7.3   7.3   NGC7654 
    885    595     2883     56     16   25   47   37   47    11   19   25   23   25  23 33 42.97 +05 46 31.9   10.4   9.7   PG2331 
   1148    282    66353   1251    915  897 1019   92 1003    13   18   34   10   35  23 56 52.87 +56 43 25.6   38.6  35.1   NGC7789 
    642    404    85426    554    186  391  442  441  414    10   31   36   34   30  23 58 31.40 +61 12 46.5    8.3   7.9   NGC7790 
